## code to prepare `DATASET` dataset goes here

frogs <- data.frame(Frogs = c(16, 14, 18, 17, 29, 31, 14, 16, 22, 15,
                           2, 11, 6, 8, 0, 3, 19, 1, 6, 5),
                    Development = factor(rep(c("Low", "High"), each = 10), levels = c("Low", "High")))

pine <- data.frame(Replicate = rep(c(1,2,3), 4),
                   Treatment = rep(c("A", "B", "C", "D"), each = 3),
                   Height = c(11, 10, 9, 9, 8, 7, 7, 6, 5, 5,4,3))

warblers <- data.frame(Replicate = rep(c("1", "2", "3", "4"), each = 3),
                       Elevation = rep(c("Low", "Medium", "High"), each = 4),
                       Count = as.character(c(1, 3, 0, 2, 2, 0, 4, 3, 4, 7, 5, 5)))

preydata <- structure(list(year = c(2006L, 2006L, 2006L, 2006L, 2006L, 2006L,
                                    2006L, 2006L, 2006L, 2006L, 2007L, 2007L, 2007L, 2007L, 2007L,
                                    2007L, 2007L, 2007L, 2007L, 2007L, 2008L, 2008L, 2008L, 2008L,
                                    2008L, 2008L, 2008L, 2008L, 2008L, 2008L, 2009L, 2009L, 2009L,
                                    2009L, 2009L, 2009L, 2009L, 2009L, 2009L, 2009L, 2010L, 2010L,
                                    2010L, 2010L, 2010L, 2010L, 2010L, 2010L, 2010L, 2010L, 2011L,
                                    2011L, 2011L, 2011L, 2011L, 2011L, 2011L, 2011L, 2011L, 2011L,
                                    2012L, 2012L, 2012L, 2012L, 2012L, 2012L, 2012L, 2012L, 2012L,
                                    2012L, 2013L, 2013L, 2013L, 2013L, 2013L, 2013L, 2013L, 2013L,
                                    2013L, 2013L, 2014L, 2014L, 2014L, 2014L, 2014L, 2014L, 2014L,
                                    2014L, 2014L, 2014L, 2015L, 2015L, 2015L, 2015L, 2015L, 2015L,
                                    2015L, 2015L, 2015L, 2015L), predators = c(14.3, 17.6, 19.4,
                                                                               11.8, 17.9, 18.1, 15.7, 15.8, 15.8, 15, 16, 14.8, 15.3, 17.1,
                                                                               19.1, 16.8, 15.9, 15, 15.2, 22.3, 17.3, 15.9, 16, 18, 15.5, 13.8,
                                                                               18.3, 14.7, 17, 14.9, 19.4, 16, 15.4, 15.9, 13.4, 14.4, 12.2,
                                                                               14, 16.4, 16, 20.2, 14.6, 15.1, 16.4, 14.8, 14.9, 14.6, 14.2,
                                                                               15.8, 15.9, 13, 15.7, 14.6, 14.8, 16.6, 18.2, 20.6, 15.3, 20.5,
                                                                               14.5, 18.4, 22.6, 16.9, 15.5, 17, 20.9, 14.5, 20, 19.9, 17.7,
                                                                               17, 16, 16.2, 18.4, 21.6, 16.7, 13.9, 15.4, 17.6, 16.3, 16.6,
                                                                               16.6, 14, 16.6, 18.9, 18.5, 18.2, 16.1, 16.6, 14.4, 16.9, 17.6,
                                                                               20.8, 19.2, 15.9, 17.8, 14.5, 18.9, 19.1, 21.7), prey = c(70.2,
                                                                                                                                         57.8, 41.4, 85.4, 50.4, 56.5, 84.7, 72.8, 56, 41.9, 61.1, 54,
                                                                                                                                         81.1, 24.3, 33.4, 57.4, 52.7, 49.9, 53.6, 34.6, 62.4, 65.3, 90,
                                                                                                                                         63.4, 61.4, 54.7, 89.2, 71.3, 39.2, 62.7, 33.4, 50.3, 42.9, 56.9,
                                                                                                                                         71.8, 45.4, 22.2, 60.1, 53.1, 63.8, 35.6, 67.6, 41.7, 63.8, 71.4,
                                                                                                                                         63.7, 82.3, 69.4, 59.6, 59.2, 75.6, 72.5, 68.2, 70.6, 34, 38.4,
                                                                                                                                         55.8, 38.8, 37.3, 68, 58.4, 17.9, 52.8, 29.5, 55.1, 21, 57.9,
                                                                                                                                         17.1, 42.1, 56.9, 45.1, 83, 64.1, 58, 60, 41.1, 77.1, 72.8, 46.9,
                                                                                                                                         58.1, 36, 59.1, 53.1, 64.4, 28.2, 47.7, 31, 50.3, 27.5, 64.1,
                                                                                                                                         65.7, 49.8, 4.3, 29.8, 80.8, 74.2, 43.4, 35.1, 45.4, 32.6)), class = "data.frame", row.names = c(NA,
                                                                                                                                                                                                                                          -100L))

raindata <- structure(list(rainfall = c(40.3, 52.2, 58.7, 31.2, 53.4, 54,
                                        45.4, 45.6, 45.5, 42.9, 46.2, 42, 43.8, 50.5, 57.7, 49.1, 45.9,
                                        42.7, 43.3, 69.3, 51.1, 46.1, 46.5, 53.7, 44.5, 38.4, 54.6, 41.8,
                                        49.9, 42.5, 58.8, 46.2, 44.3, 46, 37, 40.7, 32.6, 39.3, 47.6,
                                        46.3, 61.6, 41.5, 43.2, 47.8, 42, 42.3, 41.1, 40, 45.8, 46, 35.6,
                                        45.3, 41.1, 41.9, 48.7, 54.5, 63.2, 43.8, 62.8, 40.7, 55.3, 70.4,
                                        49.7, 44.6, 49.9, 64.2, 40.9, 60.9, 60.6, 52.7, 50.1, 46.4, 47.1,
                                        55.2, 66.6, 48.8, 38.9, 44.2, 52.1, 47.5, 48.6, 48.6, 39, 48.6,
                                        56.8, 55.6, 54.4, 46.8, 48.5, 40.4, 49.6, 52, 63.6, 58, 46, 52.8,
                                        40.9, 57, 57.8, 67), acorns = c(10086L, 10065L, 10101L, 10029L,
                                                                        10051L, 10097L, 10035L, 10083L, 10092L, 10069L, 10068L, 10040L,
                                                                        10023L, 10122L, 10097L, 10119L, 10020L, 10079L, 10103L, 10114L,
                                                                        10076L, 10041L, 10171L, 10123L, 10157L, 10067L, 10062L, 10001L,
                                                                        10054L, 10081L, 10144L, 10088L, 10021L, 10107L, 9987L, 10051L,
                                                                        10040L, 9977L, 10121L, 10049L, 10087L, 10132L, 10101L, 10075L,
                                                                        10093L, 10088L, 10144L, 10079L, 10099L, 10092L, 10042L, 10080L,
                                                                        10143L, 10030L, 10087L, 10152L, 10094L, 10025L, 10065L, 10050L,
                                                                        10054L, 10105L, 10064L, 10066L, 10101L, 10135L, 10144L, 10098L,
                                                                        10086L, 10154L, 10161L, 10079L, 10063L, 10009L, 10175L, 10043L,
                                                                        10014L, 10211L, 10097L, 10077L, 9957L, 10076L, 10109L, 10100L,
                                                                        10136L, 10182L, 10143L, 10055L, 10113L, 10058L, 10058L, 9957L,
                                                                        10070L, 10119L, 10175L, 10111L, 10096L, 10051L, 10103L, 10017L
                                        )),